image_width: 640
image_height: 480
camera_name: rgb_camera
camera_matrix:
  rows: 3
  cols: 3
  data: [570.298928, 0.0, 318.774289, 0.0, 574.421805, 217.885486, 0.0, 0.0, 1.0]
distortion_model: plumb_bob
distortion_coefficients:
  rows: 1
  cols: 5
  data: [0.102988, -0.401987, -0.019166, -0.016530, 0.0]
rectification_matrix:
  rows: 3
  cols: 3
  data: [1.0, 0.0, 0.0, 0.0, 1.0, 0.0, 0.0, 0.0, 1.0]
projection_matrix:
  rows: 3
  cols: 4
  data: [564.650208, 0.0, 307.829652, 0.0, 0.0, 576.022766, 210.479895, 0.0, 0.0, 0.0, 1.0, 0.0]
